g:1000
t:0.001
kg:1
Kt:5000
lbs:2.20462262
oz:35.2739619
mg:100000
µg:10000000