cm:100
km:0.001
yard:1.0936133
mm:10000
dm:10
m:1
mile:0.000621371192
seamile:0.0005399
ft:3.2808399
insh:39.37