microgram:1000000000
milligram:1000000
gram:1000
kilogram:1
ton:0.001
pound:2.20462262
ounze:35.2739619
karat:5000
combined_w:1