µm:1000000
mm:1000
cm:100
dm:10
m:1
km:0.001
inch:39.37
ft:3.2808399
yard:1.0936133
mile:0.000621371192
seamile:0.0005399