microgram:0.000000001
milligram:0.000001
gram:0.001
kilogram:1
ton:1000
pound:0.45359237
ounze:0.0283495231
karat:0.0005
combined_w:1