g:0.001
t:1000
kg:1
lbs:0.45359237
oz:0.0283495231
Kt:0.0005
mg:0.00001
µg:0.0000001