µg:0.000000001
mg:0.000001
g:0.001
kg:1
t:1000
lbs:0.45359237
oz:0.0283495231
Kt:0.0005