micrometer:1000000
millimeter:1000
centimeter:100
decimeter:10
meter:1
kilometer:0.001
inch:39.37
feet:3.2808399
yard:1.0936133
mile:0.000621371192
seamile:0.0005399
combined:1