µg:1000000000
mg:1000000
g:1000
kg:1
t:0.001
lbs:2.20462262
oz:35.2739619
Kt:5000